[0,5,4,1,4,3,0,1,0,3,0,1,2,1,0,0,3,1,0,4,2,1,2,1,0,4,0,6,0,0,39,2,2,1,0,1,3,0,154,
4,0,0,0,3,0,0,1,3,3,1,0,3,2,2,63,5,2,0,8,0,2,0,1,0,0,1,6,1,0,905,2,0,8,5,0,5,3,6,0
,0,1,0,9,1,15,0,1,2,1,0,4,3,0,6,0,1,2,2,0,1,906,41,10,3,2,0,11,10,6,0,2,0,0,2,3,0,
2,859,12,11,1,2,2,1,0,0,7,1,0,4,918,1,2,1,1,1025,0,0,1,0,26,23,22,9,5,1,3,1,5,0,6,
5,4,3,0,0,0,1,4,5,1,165,164,0,36,2,1,2,8,40,0,15,0,62,39,38,37,35,9,0,0,0,2,0,0,2,
8,7,1,0,8,0,1,1,0,2,0,9,7,5,3,47,0,2,0,0,0,0,18,6,3,0,4,2,0,19,0,14,13,9,1,0,2,0,1
,0,0,8,15,0,2,0,3,12,0,48,0,0,152,4,2,12,0,0,0,812,1,0,1,0,2,6,17,4,0,5,0,755,47,2
,1,124,0,0,1,1,0,1,0,1022,0,1,0,3,1,34,32,0,6,1,0,4,0,25,0,7,2,73,4,1,0,179,177,17
6,175,0,1,2,1,3,1,16,10,4,32,27,3,0,8,3,158,40,0,33,9,17,4,3,8,2,3,0,1,0,51,1,0,0,
2,0,1,2,18,749,33,3,0,74,65,7,2,0,1,0,39,1,9,1,1,0,44,0,0,53,5,0,822,38,806,765,75
3,750,0,16,1,0,11,8,131,5,1,0,0,9,0,2,0,0,13,1,910,907,40,805,766,682,0,5,4,3,19,1
0,1,1,0,22,2,4,0,1,1027,1026,1023,3,0,845,820,819,32,7,7,11,8,7,0,2,1,911,1,754,0,
1,0,45,0,121,11,0,0,1020,8,7,1,0,0,2,1,2,1,0,26,23,8,157,4,2,28,27,1,0,2,1,0,0,0,5
,0,32,31,1,0,7,6,8,5,1,0,187,3,2,1,155,149,1,0,0,0,0,28,2,0,0,1,5,4,3,2,0,2,5,78,3
,0,1,0,8,0,1065,3,1,0,815,24,9,7,1,12,6,3,0,816,0,30,29,619,17,0,12,55,5,35,1,0,15
,2,1066,1041,10,818,0,0,12,116,0,1,0,919,817,1,5,1,122,0,1021,2,1,0,0,1,0,2,0,0,0,
6,4,7,182,0,0,1,0,5,3,1,23,21,0,10,0,0,0,0,4,2,0,0,20,1,0,1,1,0,15,1,17,4,0,1,0,1,
2,11,3,1,0,1,0,86,85,84,81,0,0,0,1,0,0,0,48,0,26,0,0,194,153,22,21,4,54,51,4,0,12,
0,2,25,668,662,628,89,0,0,15,0,1,2,1,0,20,666,664,663,594,593,0,0,43,2,23,1,19,12,
0,19,0,0,9,0,1,0,1,14,0,1,0,5,0,1,0,1018,1017,1,0,6,4,0,0,2,1,0,0,0,2,20,1,0,91,87
,0,3,0,0,1,5,4,0,3,14,0,0,5,1,3,90,89,88,83,1,0,1,0,17,6,1,0,2,3,80,21,8,0,1,0,0,1
,0,4,1069,0,1,80,79,11,1,0,13,0,0,0,50,1,0,0,21,1,0,2,0,0,1,1067,82,14,8,7,621,578
,484,483,469,468,467,440,1,0,7,9,0,41,25,1,0,2,1,9,8,10,8,432,431,6,4,3,0,118,0,0,
51,2,5,0,20,1,0,3,2,0,0,11,1019,7,1,1,2,1,0,0,9,8,0,0,3,1,0,3,2,0,5,0,1,0,7,3,2,1,
0,13,1,4,1,28,0,16,2,1,14,13,12,2,1,0,395,2,1,0,0,15,0,13,0,0,2,0,3,4,3,2,0,8,1,0,
1,0,4,396,11,2,3,66,65,6,0,22,2,23,22,1,12,3,0,15,14,0,592,0,411,2,15,30,0,42,27,2
3,3,1,0,0,1,0,3,16,627,0,21,1,0,0,83,0,13,7,6,1,623,622,579,466,426,425,414,1,0,57
,56,29,0,24,16,1,12,1,1016,0,7,6,5,6,0,1,1,0,10,7,0,430,0,58,2,10,3,2,4,0,0,2,3,1,
429,4,3,2,0,0,0,0,1,0,1,3,0,0,7,4,1,0,2,1,2,1,0,0,9,0,2,0,16,0,4,3,2,1,0,0,3,1,13,
14,5,69,68,2,28,27,26,20,16,10,9,0,14,0,465,63,21,18,10,10,18,90,0,14,20,43,0,19,1
,0,19,0,0,0,0,2,52,0,10,9,0,5,4,0,2,2,48,0,0,4,0,0,4,0,0,1,0,2,1,0,1,0,3,0,1,2,0,1
,10,3,0,4,1,0,9,2,1,1,0,0,0,4,3,0,0,0,7,1,0,0,4,2,0,0,0,6,71,70,1,0,2,1,0,402,1,21
,1,0,0,0,1,0,0,2,2,413,412,405,404,0,1,2,0,0,1,0,25,3,1,0,0,1,3,1,3,0,403,0,4,9,7,
0,0,1,4,2,1,0,6,3,18,0,0,0,0,1,19,8,2,9,8,1,0,3,0,1,0,3,0,0,5,4,2,1,0,15,1,4,0,0,6
,19,16,2,3,0,12,2,0,8,1,0,7,1,13,0,0,0,3,0,0,1,0,1,4,3,2,0,1,0,0,0,0,5,1,2,0,1,0,0
,0,0,0]
